146
250
188
42
73
15
88
302
155
665
677
720
690
614
742
775
921
860
869
875
963
1105
1083
1122
1074
1313
1334
1376
1360
1408
1586
1592
1265
1481
1279
1426
1376
1223
1165
1157
1109
1058
1051
998
1341
1122
910
1123
1223
1389
1627
1661
1784
1612
1571
1406
1355
1321
1175
883
679
663
647
552
533
419
225
146
135
154
145
250
191
63
0
143
212
220
234
297
477
496
519
619
647
676
690
648
569
581
567
510
543
564
751
826
839
1070
1164
1188
1204
1651
1687
1758
1835
1837
1855
2047
1582
1624
1663
1581
1746
1798
1556
1432
1403
1343
1232
1317
1347
1357
1487
1496
1518
1375
1388
1315
1230
1095
1066
1072
971
943
885
1030
1153
1126
906
945
916
644
751
561
611
455
433
436
439
427
406
545
485
257
203
173
191
11
50
58
130
0
3
127
172
255
336
481
603
638
719
720
795
949
919
809
776
732
639
799
1020
1071
1218
1327
1457
1340
1276
1305
1244
1331
1036
1092
1126
1198
1233
1167
1019
1074
1353
1296
1347
1927
1756
1664
1843
2037
1911
1917
1928
1767
1793
1886
1887
1706
1758
1949
1193
1117
1130
1063
1049
837
876
688
663
746
796
858
812
1125
1104
1136
1032
1044
935
781
808
740
430
403
456
596
609
644
791
890
1028
1051
945
514
546
669
733
789
874
919
666
759
393
455
532
414
330
119
23
111
193
450
323
527
429
539
689
489
602
584
600
391
510
539
506
745
617
605
485
470
174
173
7
0
337
535
366
255
307
188
364
293
423
433
770
832
902
975
1111
1229
1318
1364
1543
1591
1716
1720
1956
1864
1900
1920
1882
1873
1763
1792
1735
1307
1191
1003
1055
1044
1002
926
921
902
854
814
751
756
778
806
836
883
922
988
1113
1174
1181
1214
1218
1248
1151
1081
870
674
554
560
749
801
825
899
936
973
1138
1173
1204
1313
1494
1553
1616
1672
1950
2083
2167
1875
2064
1945
2316
2339
2380
2633
2637
2780
2951
3107
3162
3302
3390
3422
3497
3260
3290
3274
3043
3237
3081
3076
3134
3151
3147
3271
3193
3251
3271
3173
3182
3296
3402
3420
3421
3481
3502
3520
3616
3545
3358
3321
3241
3249
3038
2903
2686
2676
2487
2545
2367
2301
2315
1962
1886
1868
1874
1863
2067
2036
2088
1846
1865
1909
1832
1932
1380
1456
1498
1829
1608
1568
1578
1420
1277
1321
1327
1179
967
1009
777
395
400
309
363
402
545
570
587
654
692
733
747
762
817
830
941
897
1022
1312
1244
1792
1887
1844
1906
1800
1726
1568
1583
1507
1598
1475
1581
1572
1663
1459
1517
1650
1578
1450
1456
1500
1865
1916
1892
1553
1334
1209
1164
1323
1253
1294
1450
1465
1507
1688
1813
1902
2145
2374
2498
2507
2883
2623
2571
2526
2569
2508
2114
2037
2057
2000
1997
1843
1763
2020
2039
1830
1631
1610
1712
1782
1951
1947
1592
1658
1667
1602
1639
1613
1639
1520
1431
1477
1426
1335
1268
1388
1335
1169
1130
956
897
932
980
988
1041
1050
1138
1196
1216
1290
1330
1343
1442
1497
1581
1749
1824
1984
2229
1950
1987
1994
2002
2076
2061
2236
2284
2425
2283
2255
2306
2318
2513
2809
2880
2914
2935
3053
2678
2683
2780
3081
3002
3031
3026
3171
3193
3198
3262
3302
3329
3399
3424
3451
3477
3526
3536
3561
3753
4069
4198
4443
4523
4419
4129
4106
4001
3909
3850
3886
3931
3841
3944
3816
3774
3513
3303
3261
3342
3213
3564
3555
3453
3331
3311
3066
2828
2799
2449
2075
1884
1969
2037
1438
1552
1560
1505
1580
1049
612
657
612
431
411
337
433
343
231
278
393
594
782
804
1072
1188
1206
1399
1546
1582
1595
1666
1832
1926
2000
2111
2145
2185
2455
2473
2538
2757
2974
2943
3113
2998
2897
2812
2655
2615
2784
2774
2849
2904
2973
2984
3000
3147
3295
3299
3522
3762
3807
3776
3715
3707
3473
3473
3691
3649
3631
3603
3495
3386
2938
2935
2830
2848
2882
2628
2645
2746
2935
2949
2959
3358
3506
3565
3703
4185
4257
4347
4394
4493
4748
4804
4864
4541
4619
4567
4655
4537
4384
4440
4729
4819
4442
4287
4277
4132
4148
4085
4145
4178
4190
4239
4272
4301
4318
4343
4245
4252
4288
3715
3753
3454
2861
2830
2732
2717
2654
2870
2953
2396
2206
2308
2324
2457
2490
2624
2541
2448
2418
2342
2320
2402
2258
2365
2338
2279
2279
2373
2392
2679
2799
1993
1709
1807
1698
1752
1327
1216
1374
1334
1316
486
316
374
442
509
275
100
593
526
516
625
510
896
684
720
1108
1265
934
1077
1115
1019
1081
1309
1358
1361
1517
1540
1628
1896
1971
1886
1876
1674
1804
2014
2204
2280
2364
2352
2633
2565
2516
2877
2988
2825
2827
2743
2660
2757
2945
3178
3124
3152
3124
2992
2914
2515
2350
2327
2135
2098
2087
2203
2215
2285
2471
2311
2139
1936
1929
1926
1911
1764
1764
1779
1665
1647
1643
1528
1512
1488
1584
1638
1581
1520
1683
2210
2351
2302
2158
2270
2322
2467
2469
2503
2602
2593
2797
2875
2867
2998
3286
3475
3489
3379
3314
3265
3254
3098
3057
2939
2750
2707
2638
2256
2230
2124
2009
1836
1763
1667
1615
1532
1526
1459
1682
1721
1704
1674
1562
1299
1281
1272
1424
1425
1196
1110
1109
1189
1042
1093
1041
999
924
770
704
564
375
269
314
572
530
609
719
729
672
1024
1006
891
964
1162
1158
1178
1172
1097
953
1117
922
1128
1302
1546
1380
1409
1363
1301
1277
1230
1217
986
738
694
550
377
179
50
18
0
1
109
98
21
58
1
24
